10
20
buyaiztknhgzbdupqemd
200
2 7
15 14
2 19
11 4
10 15
13 9
12 12
11 19
17 7
14 13
12 15
12 5
19 9
3 18
4 2
4 11
13 20
4 16
12 15
12 2
3 19
10 14
5 19
4 20
3 4
13 9
8 18
20 12
16 2
12 2
6 9
15 12
5 2
18 6
19 19
15 12
20 8
15 2
11 19
4 16
12 3
17 12
2 3
3 10
10 7
19 10
9 9
3 10
9 3
18 6
10 14
11 9
5 9
14 9
18 9
6 6
19 5
3 2
20 18
6 16
5 6
16 19
16 15
8 15
9 17
11 9
10 11
18 20
7 5
6 19
5 7
14 9
4 16
9 2
20 2
2 18
11 6
10 17
1 9
2 6
7 5
19 8
18 4
8 11
8 15
7 16
6 11
16 2
16 7
16 10
7 3
10 15
3 4
5 15
14 1
16 10
15 14
14 12
15 20
19 5
8 8
4 10
11 7
9 10
11 8
11 3
7 16
17 20
10 4
19 16
13 19
8 8
12 15
13 4
15 12
14 2
13 18
5 15
20 16
17 6
12 2
11 13
6 20
15 6
12 1
9 4
18 12
10 8
14 8
4 1
19 7
9 2
13 1
17 17
6 13
5 18
7 18
1 3
9 19
8 17
15 4
18 7
14 19
9 20
14 2
5 13
13 8
6 14
19 17
17 3
12 19
10 4
14 13
4 3
16 17
18 20
4 10
7 1
18 2
4 7
16 18
1 14
8 17
14 6
11 7
20 6
11 6
15 6
19 20
13 7
10 13
14 12
17 9
7 20
8 6
19 19
6 20
11 10
12 15
1 20
1 14
9 18
8 10
15 3
12 6
11 18
3 7
8 7
16 7
18 14
19 14
10 4
17 2
20 1
7 9
8 6
16 2
11 4
6 18
7 19
20
fdmvamtmampqzofzvtnk
200
6 4
8 4
2 12
14 20
4 20
10 2
19 3
14 17
9 1
14 14
5 6
4 3
3 17
10 3
8 14
2 15
15 4
12 16
12 15
7 13
16 4
11 8
13 18
12 13
3 19
9 6
13 3
13 1
12 9
11 11
16 15
20 7
12 8
1 18
4 16
19 10
20 14
18 17
16 3
13 19
18 9
17 20
6 8
8 14
12 19
10 14
7 19
10 20
17 16
19 8
1 4
12 10
9 17
10 10
6 12
3 15
2 15
6 19
8 10
13 6
7 17
14 16
8 2
4 17
9 20
3 10
11 11
2 15
1 12
18 3
18 12
14 20
19 2
1 12
1 13
18 8
1 20
7 14
18 3
17 17
17 16
10 20
2 9
3 4
2 20
1 13
11 3
11 2
15 5
7 9
2 4
8 15
9 8
16 11
7 3
14 16
18 17
5 8
19 6
10 15
2 17
13 17
6 10
6 20
20 2
1 13
12 11
17 3
18 1
13 20
8 8
5 19
12 20
20 15
8 8
2 3
8 1
15 17
8 18
8 2
3 7
17 8
2 1
5 2
14 4
1 12
12 10
8 6
16 14
5 9
17 11
4 12
18 8
17 7
2 16
11 10
17 9
7 17
13 2
16 8
12 20
10 5
9 20
12 17
13 19
19 6
8 14
5 20
1 2
18 7
12 14
3 14
3 12
18 4
4 20
7 5
9 5
1 7
1 17
11 18
15 3
9 8
2 16
20 9
2 3
7 18
8 19
18 9
5 8
6 6
15 18
1 16
6 1
11 3
11 2
20 20
15 11
17 8
15 10
13 15
12 4
17 2
4 1
3 19
11 9
20 13
11 15
6 20
16 20
10 20
1 15
8 20
6 4
8 3
11 17
5 5
3 5
5 2
13 10
13 12
20
hwllfbzqaomefzjlobut
200
12 4
14 14
16 19
9 1
20 11
6 3
16 15
5 17
3 15
18 20
6 7
9 9
1 17
13 15
14 17
16 13
11 9
16 7
1 4
9 2
9 8
18 8
5 1
20 17
5 11
2 3
14 10
18 7
13 15
19 13
3 5
6 5
17 19
18 9
19 12
13 20
14 11
13 18
2 2
20 17
3 15
2 11
11 20
17 13
12 14
11 13
4 6
2 16
5 7
17 13
12 13
9 6
14 18
4 14
5 15
19 18
16 12
3 14
11 2
1 16
15 17
16 19
16 15
15 18
18 19
13 12
7 19
14 4
3 20
19 2
14 20
11 4
6 10
5 20
1 9
20 6
11 13
4 15
13 2
11 20
2 11
20 18
1 18
13 20
19 4
16 16
8 18
5 9
12 20
3 15
18 4
18 9
12 17
19 4
11 7
4 4
15 2
8 15
6 12
18 3
13 9
12 11
16 20
19 7
19 15
4 19
12 19
13 1
2 18
8 5
11 20
4 5
17 10
4 20
16 17
13 8
5 4
20 8
20 6
7 19
13 10
12 20
1 16
17 20
18 8
4 1
19 4
13 15
19 19
8 10
15 5
18 6
15 10
17 19
2 7
14 16
14 8
5 20
2 3
11 7
11 18
2 13
16 11
13 3
4 6
15 19
4 17
7 4
6 11
10 19
11 1
20 6
3 16
13 18
5 10
16 14
7 17
13 17
4 19
4 3
19 6
13 3
19 3
16 9
18 5
20 6
12 11
10 7
12 12
15 20
2 5
19 8
15 20
18 16
19 2
4 16
13 15
15 12
19 8
16 15
9 14
10 17
13 16
20 15
19 20
1 1
6 4
7 19
9 5
8 4
8 1
2 4
11 1
5 17
12 7
20 18
9 9
11 6
15 1
9 4
20
vnynduvgxmvyvypwijlc
200
12 19
7 11
7 9
12 1
16 5
20 13
6 10
14 6
14 15
18 8
18 12
11 4
6 1
8 8
15 5
15 15
18 4
9 12
14 12
14 12
11 6
17 12
19 18
15 11
16 1
12 9
8 8
16 3
5 15
4 16
7 17
1 9
5 3
3 14
1 1
7 11
9 11
5 9
16 10
17 9
1 2
4 9
11 8
10 10
17 1
15 1
18 8
12 6
5 2
4 12
1 5
13 13
16 12
8 2
13 2
15 20
7 10
15 17
19 9
9 18
12 4
8 12
18 18
9 3
17 7
17 10
3 1
19 15
1 9
4 19
10 13
10 7
9 11
2 1
12 20
7 13
16 13
13 8
10 18
9 20
14 16
7 14
14 6
7 7
5 3
4 7
5 17
14 19
13 13
2 7
20 18
14 5
10 1
7 12
15 2
12 10
19 14
4 16
6 9
3 6
12 14
18 7
4 10
14 16
18 18
6 4
14 12
11 6
17 1
20 16
3 19
17 11
2 6
17 4
1 4
6 4
11 15
1 9
2 14
15 18
6 3
7 1
9 5
13 19
2 14
10 7
4 14
3 8
19 4
6 2
18 8
18 17
16 10
2 20
11 4
2 13
7 3
12 14
19 18
16 11
11 18
7 2
13 12
13 18
15 14
1 15
8 16
3 3
11 18
10 16
1 6
7 10
5 13
9 1
7 12
4 13
11 17
14 11
15 2
18 3
13 8
8 4
18 18
19 10
11 18
8 18
20 7
9 13
19 6
15 4
11 3
19 18
20 3
9 9
6 8
12 13
9 20
1 8
6 9
5 6
13 19
19 11
10 16
1 14
1 7
8 7
17 10
3 7
1 1
12 7
11 20
5 18
7 18
14 16
4 4
2 9
13 13
5 4
9 10
19 20
20
uxxkloedkpfgdsoftzij
190
8 13
11 16
4 9
6 15
3 2
8 7
8 11
8 16
8 12
8 19
8 20
8 4
8 9
8 5
8 6
8 15
8 10
8 14
8 17
8 1
8 3
8 2
8 18
13 7
13 11
13 16
13 12
13 19
13 20
13 4
13 9
13 5
13 6
13 15
13 10
13 14
13 17
13 1
13 3
13 2
13 18
7 11
7 16
7 12
7 19
7 20
7 4
7 9
7 5
7 6
7 15
7 10
7 14
7 17
7 1
7 3
7 2
7 18
11 12
11 19
11 20
11 4
11 9
11 5
11 6
11 15
11 10
11 14
11 17
11 1
11 3
11 2
11 18
16 12
16 19
16 20
16 4
16 9
16 5
16 6
16 15
16 10
16 14
16 17
16 1
16 3
16 2
16 18
12 19
12 20
12 4
12 9
12 5
12 6
12 15
12 10
12 14
12 17
12 1
12 3
12 2
12 18
19 20
19 4
19 9
19 5
19 6
19 15
19 10
19 14
19 17
19 1
19 3
19 2
19 18
20 4
20 9
20 5
20 6
20 15
20 10
20 14
20 17
20 1
20 3
20 2
20 18
4 5
4 6
4 15
4 10
4 14
4 17
4 1
4 3
4 2
4 18
9 5
9 6
9 15
9 10
9 14
9 17
9 1
9 3
9 2
9 18
5 6
5 15
5 10
5 14
5 17
5 1
5 3
5 2
5 18
6 10
6 14
6 17
6 1
6 3
6 2
6 18
15 10
15 14
15 17
15 1
15 3
15 2
15 18
10 14
10 17
10 1
10 3
10 2
10 18
14 17
14 1
14 3
14 2
14 18
17 1
17 3
17 2
17 18
1 3
1 2
1 18
3 18
2 18
20
chsqequtwuhfhqenljmh
190
14 4
15 5
20 11
20 13
20 2
11 13
11 2
13 2
14 6
4 6
10 7
1 15
1 5
1 12
1 20
1 11
1 13
1 2
1 18
1 17
1 19
1 16
1 14
1 4
1 6
1 3
1 8
1 10
1 7
1 9
15 12
15 20
15 11
15 13
15 2
15 18
15 17
15 19
15 16
15 14
15 4
15 6
15 3
15 8
15 10
15 7
15 9
5 12
5 20
5 11
5 13
5 2
5 18
5 17
5 19
5 16
5 14
5 4
5 6
5 3
5 8
5 10
5 7
5 9
12 20
12 11
12 13
12 2
12 18
12 17
12 19
12 16
12 14
12 4
12 6
12 3
12 8
12 10
12 7
12 9
20 18
20 17
20 19
20 16
20 14
20 4
20 6
20 3
20 8
20 10
20 7
20 9
11 18
11 17
11 19
11 16
11 14
11 4
11 6
11 3
11 8
11 10
11 7
11 9
13 18
13 17
13 19
13 16
13 14
13 4
13 6
13 3
13 8
13 10
13 7
13 9
2 18
2 17
2 19
2 16
2 14
2 4
2 6
2 3
2 8
2 10
2 7
2 9
18 17
18 19
18 16
18 14
18 4
18 6
18 3
18 8
18 10
18 7
18 9
17 19
17 16
17 14
17 4
17 6
17 3
17 8
17 10
17 7
17 9
19 16
19 14
19 4
19 6
19 3
19 8
19 10
19 7
19 9
16 14
16 4
16 6
16 3
16 8
16 10
16 7
16 9
14 3
14 8
14 10
14 7
14 9
4 3
4 8
4 10
4 7
4 9
6 3
6 8
6 10
6 7
6 9
3 8
3 10
3 7
3 9
8 10
8 7
8 9
10 9
7 9
20
qjqjqjqjqjqjqjqjqjqj
200
4 4
12 6
20 12
10 6
7 3
5 19
4 8
14 4
12 6
6 19
14 10
4 14
6 15
18 9
11 13
20 6
2 1
10 19
4 13
11 14
15 2
11 15
2 11
7 2
3 16
1 10
4 4
16 6
19 6
6 9
19 8
2 9
14 18
16 1
13 3
16 1
13 11
14 17
7 10
1 19
15 10
2 6
11 9
3 20
18 10
6 16
1 18
20 18
9 17
11 8
16 7
2 20
16 5
1 7
7 9
15 2
13 6
2 19
12 12
16 3
12 16
9 4
4 1
3 15
20 5
2 1
12 11
12 12
1 12
7 1
1 1
6 6
8 7
2 16
11 16
17 10
12 10
6 17
7 9
16 15
4 16
4 3
10 14
11 6
19 19
17 20
7 5
14 8
13 18
4 8
2 14
18 19
7 5
8 20
19 11
20 15
16 20
3 10
7 5
2 9
1 20
14 12
7 14
5 8
13 4
1 16
15 7
10 9
18 8
15 3
8 16
9 3
3 9
14 14
8 1
11 19
16 3
19 8
12 6
3 7
7 19
1 14
20 12
17 5
17 17
14 19
20 17
11 14
4 8
20 13
1 14
9 11
14 16
16 17
19 14
14 5
6 5
11 11
9 6
8 16
9 13
3 1
20 7
7 3
7 11
3 13
20 17
15 2
3 10
15 9
10 19
17 16
6 15
20 4
13 16
16 2
9 17
15 18
9 17
6 13
7 8
15 8
20 8
12 11
1 3
2 14
19 7
15 18
5 16
15 7
3 12
10 11
1 6
15 11
14 20
16 19
17 16
11 5
17 1
15 17
17 11
20 1
13 8
8 17
6 6
2 4
3 18
19 8
6 6
17 12
1 8
3 12
15 8
12 3
12 3
12 20
11 19
8 9
19 10
1 19
20
qvqvqvqvqvqvqvqvqvqv
190
7 5
7 3
7 1
5 3
5 1
9 7
9 5
9 3
9 1
3 1
11 9
11 7
11 5
11 3
11 1
13 11
13 9
13 7
13 5
13 3
13 1
14 12
14 10
14 8
14 6
14 4
14 2
15 13
15 11
15 9
15 7
15 5
15 3
15 1
12 10
12 8
12 6
12 4
12 2
16 14
16 12
16 10
16 8
16 6
16 4
16 2
10 8
10 6
10 4
10 2
17 15
17 13
17 11
17 9
17 7
17 5
17 3
17 1
8 6
8 4
8 2
18 16
18 14
18 12
18 10
18 8
18 6
18 4
18 2
6 4
6 2
19 17
19 15
19 13
19 11
19 9
19 7
19 5
19 3
19 1
4 2
20 18
20 16
20 14
20 12
20 10
20 8
20 6
20 4
20 2
19 20
19 18
19 16
19 14
19 12
19 10
19 8
19 6
19 4
19 2
17 20
17 18
17 16
17 14
17 12
17 10
17 8
17 6
17 4
17 2
15 20
15 18
15 16
15 14
15 12
15 10
15 8
15 6
15 4
15 2
13 20
13 18
13 16
13 14
13 12
13 10
13 8
13 6
13 4
13 2
11 20
11 18
11 16
11 14
11 12
11 10
11 8
11 6
11 4
11 2
9 20
9 18
9 16
9 14
9 12
9 10
9 8
9 6
9 4
9 2
7 20
7 18
7 16
7 14
7 12
7 10
7 8
7 6
7 4
7 2
5 20
5 18
5 16
5 14
5 12
5 10
5 8
5 6
5 4
5 2
3 20
3 18
3 16
3 14
3 12
3 10
3 8
3 6
3 4
3 2
1 20
1 18
1 16
1 14
1 12
1 10
1 8
1 6
1 4
1 2
20
cccccccccccccccccccc
200
15 19
11 13
20 14
15 1
3 17
12 17
13 10
8 5
10 9
18 14
20 1
17 8
18 3
11 11
2 14
1 5
10 12
6 11
3 3
17 12
2 2
14 15
15 7
3 9
8 16
18 14
5 10
6 10
10 5
20 3
5 14
10 1
19 15
11 8
20 6
11 11
7 4
16 6
15 18
5 18
2 17
3 2
13 2
11 18
18 12
16 5
3 3
14 6
11 12
16 2
7 7
19 7
1 17
4 5
7 16
7 17
8 15
18 3
19 1
20 10
3 5
20 20
8 3
8 18
19 7
8 18
6 11
2 10
14 15
16 16
19 9
17 19
18 11
4 5
3 11
6 6
8 13
3 9
12 9
4 6
9 14
16 9
12 5
8 4
15 16
19 17
14 4
16 18
10 11
20 11
16 7
15 20
8 2
11 16
16 14
15 12
2 17
10 2
10 10
19 10
5 18
20 9
5 16
4 19
5 17
3 10
1 3
11 20
1 19
10 18
10 17
14 6
19 2
8 8
19 6
5 20
12 20
7 5
19 15
6 11
8 11
10 14
18 3
20 19
5 2
2 17
4 7
3 18
10 3
6 10
18 7
16 11
20 15
14 9
18 2
2 9
9 14
5 19
13 2
2 6
16 3
1 4
17 18
14 20
5 5
20 3
17 13
16 8
8 20
6 4
12 20
3 3
13 8
17 19
9 16
4 15
11 15
20 10
5 17
11 17
20 6
5 9
20 2
5 12
8 13
14 20
8 4
13 18
17 4
13 2
9 17
16 7
15 19
8 19
10 15
13 12
18 17
15 18
10 3
20 4
15 7
12 16
5 1
6 18
4 16
4 7
4 16
18 10
13 13
20 2
16 9
18 8
14 7
8 10
14 18
11 12
19 5
14 17
11 7
9 4
20
rrrrrrrrrrrrrrrrrrrr
190
11 10
11 9
11 8
11 7
11 6
11 5
11 4
11 3
11 2
11 1
10 9
10 8
10 7
10 6
10 5
10 4
10 3
10 2
10 1
12 11
12 10
12 9
12 8
12 7
12 6
12 5
12 4
12 3
12 2
12 1
9 8
9 7
9 6
9 5
9 4
9 3
9 2
9 1
13 12
13 11
13 10
13 9
13 8
13 7
13 6
13 5
13 4
13 3
13 2
13 1
8 7
8 6
8 5
8 4
8 3
8 2
8 1
14 13
14 12
14 11
14 10
14 9
14 8
14 7
14 6
14 5
14 4
14 3
14 2
14 1
7 6
7 5
7 4
7 3
7 2
7 1
15 14
15 13
15 12
15 11
15 10
15 9
15 8
15 7
15 6
15 5
15 4
15 3
15 2
15 1
6 5
6 4
6 3
6 2
6 1
16 15
16 14
16 13
16 12
16 11
16 10
16 9
16 8
16 7
16 6
16 5
16 4
16 3
16 2
16 1
5 4
5 3
5 2
5 1
17 16
17 15
17 14
17 13
17 12
17 11
17 10
17 9
17 8
17 7
17 6
17 5
17 4
17 3
17 2
17 1
4 3
4 2
4 1
18 17
18 16
18 15
18 14
18 13
18 12
18 11
18 10
18 9
18 8
18 7
18 6
18 5
18 4
18 3
18 2
18 1
3 2
3 1
19 18
19 17
19 16
19 15
19 14
19 13
19 12
19 11
19 10
19 9
19 8
19 7
19 6
19 5
19 4
19 3
19 2
19 1
2 1
20 19
20 18
20 17
20 16
20 15
20 14
20 13
20 12
20 11
20 10
20 9
20 8
20 7
20 6
20 5
20 4
20 3
20 2
20 1
