10
10
-2 10
5 1
-2 -1
0 -1
4 -1
-9 1
5 -9
2 -1
4 9
5 -1
10
-8 3
-10 -7
4 7
-5 3
-5 7
-4 -7
-7 -3
-5 -7
-7 3
-10 4
10
-4 -7
-1 9
9 -7
9 9
-2 -8
7 6
-2 9
-5 6
-4 6
9 6
9
8 6
-9 8
8 9
-1 6
-10 6
-9 -8
-9 6
-10 9
-7 6
7
-2 -1
-3 5
1 -1
1 -7
-3 -1
1 5
5 -7
9
7 3
-5 6
4 6
-4 6
0 3
3 -7
4 -8
-4 3
3 3
9
6 1
-4 1
9 1
3 1
-5 5
6 -2
5 1
9 5
-9 1
12
1 10
7 8
-7 -6
4 10
4 -7
-7 8
-5 8
-7 -8
-5 10
4 8
4 -1
-7 4
10
-9 10
9 -9
10 10
-10 -10
10 -10
-9 -9
9 9
-8 -8
8 -8
-8 9
10
-7 -9
-10 -9
8 -9
-10 -7
-7 10
8 3
8 -7
-10 3
-10 10
8 10
